kinematics:
  shoulder:
    x: 0
    y: 0
    z: 0.1808536681158843
    roll: -0
    pitch: 0
    yaw: -5.172453413186673e-07
  upper_arm:
    x: 7.581676972272856e-05
    y: 0
    z: 0
    roll: 1.570743472502265
    pitch: 0
    yaw: -3.762313042443565e-06
  forearm:
    x: -0.6120481701685462
    y: 0
    z: 0
    roll: 0.0008453205920760475
    pitch: -0.001022110132836435
    yaw: 1.318895728833823e-06
  wrist_1:
    x: -0.5711812782798531
    y: -0.0007926524789249857
    z: 0.1737345374570929
    roll: 0.004562403024143923
    pitch: 0.0007801775405755978
    yaw: -9.18368155448649e-06
  wrist_2:
    x: -3.326748786577717e-05
    y: -0.1197601370437328
    z: 0.0001909649644242114
    roll: 1.569201766139845
    pitch: 0
    yaw: 1.20607999770303e-06
  wrist_3:
    x: -1.11237552523302e-05
    y: 0.1155962088667655
    z: -5.05574942627936e-05
    roll: 1.570358963913062
    pitch: 3.141592653589793
    yaw: 3.141592444149957
  hash: calib_3386163863161893866